name: detection_biais
channels:
  - conda-forge
  - defaults
dependencies:
  - annotated-types=0.7.0=pyhd8ed1ab_1
  - brotli-python=1.1.0=py39ha51f57c_2
  - ca-certificates=2025.1.31=h4c7d964_1
  - catalogue=2.0.10=py39hcbf5309_1
  - certifi=2025.1.31=pyhd8ed1ab_0
  - cffi=1.17.1=py39ha55e580_0
  - charset-normalizer=3.4.1=pyhd8ed1ab_0
  - click=8.1.8=pyh7428d3b_0
  - cloudpathlib=0.21.0=pyhd8ed1ab_1
  - cloudpickle=3.1.1=pyhd8ed1ab_0
  - colorama=0.4.6=pyhd8ed1ab_1
  - confection=0.1.5=pyhecae5ae_0
  - cymem=2.0.11=py39ha51f57c_0
  - cython-blis=1.0.1=py39h4b0a98a_0
  - h2=4.2.0=pyhd8ed1ab_0
  - hpack=4.1.0=pyhd8ed1ab_0
  - hyperframe=6.1.0=pyhd8ed1ab_0
  - idna=3.10=pyhd8ed1ab_1
  - intel-openmp=2025.1.0=h57928b3_980
  - jinja2=3.1.6=pyhd8ed1ab_0
  - language-data=1.3.0=pyhff2d567_0
  - libblas=3.9.0=28_h576b46c_mkl
  - libcblas=3.9.0=28_h7ad3364_mkl
  - liblapack=3.9.0=28_hacfb0e4_mkl
  - marisa-trie=1.2.1=py39ha51f57c_0
  - markdown-it-py=3.0.0=pyhd8ed1ab_1
  - markupsafe=3.0.2=py39hf73967f_1
  - mdurl=0.1.2=pyhd8ed1ab_1
  - mkl=2023.2.0=h6a75c08_49573
  - numpy=2.0.2=py39h60232e0_1
  - openssl=3.5.0=ha4e3fda_0
  - packaging=25.0=pyh29332c3_1
  - pip=25.0=py39haa95532_0
  - preshed=3.0.9=py39ha51f57c_2
  - pycparser=2.22=pyh29332c3_1
  - pygments=2.19.1=pyhd8ed1ab_0
  - pysocks=1.7.1=pyh09c184e_7
  - python=3.9.21=h8205438_1
  - python_abi=3.9=2_cp39
  - requests=2.32.3=pyhd8ed1ab_1
  - rich=14.0.0=pyh29332c3_0
  - setuptools=75.8.0=py39haa95532_0
  - shellingham=1.5.4=pyhd8ed1ab_1
  - smart-open=7.1.0=hd8ed1ab_0
  - smart_open=7.1.0=pyhd8ed1ab_0
  - spacy=3.8.5=py39h8f1c5a3_0
  - spacy-legacy=3.0.12=pyhd8ed1ab_0
  - spacy-loggers=1.0.5=pyhd8ed1ab_0
  - sqlite=3.45.3=h2bbff1b_0
  - srsly=2.5.1=py39ha51f57c_1
  - tbb=2021.8.0=h59b6b97_0
  - tqdm=4.67.1=pyhd8ed1ab_1
  - typer=0.15.2=pyhff008b6_0
  - typer-slim=0.15.2=pyh29332c3_0
  - typer-slim-standard=0.15.2=h801b22e_0
  - typing-extensions=4.13.2=h0e9735f_0
  - typing_extensions=4.13.2=pyh29332c3_0
  - tzdata=2025a=h04d1e81_0
  - ucrt=10.0.22621.0=h57928b3_1
  - ujson=5.10.0=py39ha51f57c_1
  - urllib3=2.4.0=pyhd8ed1ab_0
  - vc=14.42=haa95532_5
  - vc14_runtime=14.42.34438=hfd919c2_26
  - vs2015_runtime=14.42.34438=h7142326_26
  - wasabi=1.1.3=pyhd8ed1ab_1
  - weasel=0.4.1=pyhd8ed1ab_2
  - wheel=0.45.1=py39haa95532_0
  - win_inet_pton=1.1.0=pyh7428d3b_8
  - wrapt=1.17.2=py39ha55e580_0
  - zstandard=0.23.0=py39ha55e580_1
  - pip:
      - blis==1.0.2
      - fr-core-news-sm==3.8.0
      - langcodes==3.5.0
      - murmurhash==1.0.12
      - pandas==2.2.3
      - pydantic==2.11.3
      - pydantic-core==2.33.1
      - scikit-learn==1.6.1
      - thinc==9.1.1
      - typing-inspection==0.4.0
prefix: C:\Users\GENIUS ELECTRONICS\anaconda3\envs\detection_biais
